state_guess,events,geometry
Alaska,572,"c(-19813088.2494, -19703115.7244, -19618872.8444, -19606089.6562, -19509286.227, -19394007.473, -19391168.826, -19390723.548, -19390055.6311, -19389999.9713, -19389628.9064, -19389610.3531, -19389424.8206, -19389369.1609, -19389127.9687, -19389109.4154, -19389109.4154, -19388998.0959, -19388831.1167, -19388794.0102, -19388460.0517, -19388367.2855, -19388367.2855, -19387940.5608, -19387736.475, -19385677.0644, -19382003.5213, -19088175.7253, -19082798.9939, -19081173.7293, -19080706.1875, -19075240.4005, 
-18916112.899, -18913033.0598, -18912921.7403, -18912402.2493, -18912123.9506, -18912086.8441, -18911938.4181, -18911827.0986, -18911715.7791, -18911493.1402, -18911363.2674, -18911010.7557, -18910955.096, -18910880.883, -18910695.3505, -18910417.0518, -18909340.9633, -18907986.5762, -18907986.5762, -18907856.7035, -18906780.6151, -18905370.5682, -18727333.5959, -18720097.829, -18635068.2913, -18546439.4234, -18541541.3658, -18517422.1428, -18472319.1957, -18449212.9801, -18329867.354, -18327288.4525, 
-18307844.6481, -18265821.5403, -18264430.0467, -18263224.0855, -18261702.7192, -18259179.4774, -18256600.5758, -18256322.2771, -18255876.9991, -18255505.9342, -18255505.9342, -18255320.4017, -18255134.8692, -18254930.7835, -18254838.0172, -18254745.251, -18253928.9081, -18253928.9081, -18253817.5886, -18253780.4821, -18253743.3756, -18253409.4171, -18252222.0092, -18252110.6897, -18251424.2195, -18247286.8451, -18242629.9797, -18137228.9752, -17833638.4599, -17827048.3461, -17822317.2677, -17789912.1639, 
-17692136.5445, -17615340.9385, -17576312.325, -17520752.7671, -17492499.8804, -17492288.3733, -17487212.2046, -17479007.9581, -17467642.2381, -17443074.0265, -17438665.7746, -17420876.92, -17410553.8926, -17388004.2744, -17382015.2858, -17381380.7647, -17378920.6039, -17360196.6656, -17347138.8893, -17341984.7969, -17334693.3702, -17334337.1479, -17331264.7299, -17329672.8612, -17324095.7547, -17314763.4707, -17309479.5056, -17308466.4982, -17307765.1854, -17306607.4627, -17306544.3817, -17306377.4024, 
-17305561.0595, -17305301.314, -17304169.5659, -17303000.7112, -17301030.3562, -17297701.9034, -17297193.5444, -17296247.3288, -17295802.0508, -17295690.7313, -17292944.8505, -17292852.0843, -17290644.2477, -17289441.9972, -17285890.9055, -17285208.1459, -17284855.6342, -17272499.1707, -17270662.3991, -17270365.5471, -17268974.0535, -17268287.5833, -17268176.2638, -17262068.5344, -17256958.9698, -17254001.582, -17253389.3248, -17252777.0676, -17252684.3014, -17252361.4748, -17252146.2572, -17250940.296, 
-17250903.1895, -17243912.3255, -17243704.5291, -17242906.7394, -17241199.8406, -17240086.6457, -17222193.8928, -17221329.3115, -17219900.7113, -17219644.6765, -17218379.3449, -17208972.848, -17199929.9947, -17188942.7609, -17157161.0463, -17136956.5587, -17128151.187, -17123776.331, -17115516.4248, -17112455.1388, -17106744.4489, -17093809.1241, -17090202.3726, -17082866.4182, -17082298.6888, -17081986.9942, -17081597.376, -17081474.9245, -17081437.818, -17080621.4751, -17079860.7919, -17074283.6854, 
-17072691.8167, -17068829.0304, -17063738.019, -17063218.528, -17060880.8187, -17056576.4651, -17055882.5736, -17054446.5522, -17052810.1556, -17052799.0237, -17046309.0974, -17046264.5696, -17045277.5368, -17044201.4484, -17043960.2561, -17043589.1912, -17043496.4249, -17043199.5729, -17042939.8275, -17042531.656, -17042457.443, -17042234.804, -17041900.8455, -17041808.0793, -17041770.9728, -17041655.9427, -17041603.9936, -17041603.9936, -17041548.3338, -17041381.3546, -17040917.5234, -17040694.8844, 
-17040620.6714, -17040602.1181, -17040193.9467, -17039730.1155, -17039674.4557, -17039674.4557, -17038616.9206, -17038561.2608, -17038264.4088, -17038004.6634, -17037960.1356, -17037893.3439, -17037355.2997, -17036594.6165, -17035722.6138, -17035277.3358, -17034999.0371, -17034460.9929, -17033607.5435, -17033384.9045, -17031362.6004, -17027113.9065, -17026650.0753, -17025815.1791, -17025214.0539, -17022846.6594, -17022215.8489, -17021269.6332, -17017822.4397, -17014442.0378, -17013607.1416, -17009488.3205, 
-17008248.9635, -17008059.7203, -17007647.8382, -17007224.8242, -17006935.3935, -17004319.3855, -17003963.1631, -17003606.9407, -17001677.4029, -17000823.9534, -16999432.4598, -16998909.2582, -16997113.3037, -16993031.5891, -16992987.0613, -16990786.646, -16990174.3888, -16982882.9622, -16975042.3594, -16972860.4974, -16972537.6708, -16971936.5456, -16963754.563, -16962196.0901, -16961769.3654, -16960043.9133, -16959097.6976, -16958875.0587, -16958633.8664, -16957817.5235, -16957353.6923, -16957260.926, 
-16955349.9415, -16954570.705, -16953086.4451, -16950763.5784, -16950140.1893, -16949895.2864, -16948893.411, -16948578.0058, -16948578.0058, -16948151.281, -16948151.281, -16947910.0888, -16947780.2161, -16947650.3433, -16947557.5771, -16947409.1511, -16946856.2643, -16945275.5275, -16944963.833, -16944811.6963, -16944351.5758, -16943197.5637, -16943160.4572, -16941268.0259, -16940711.4284, -16938529.5664, -16938518.4344, -16937449.7673, -16936080.5376, -16933609.2449, -16932518.3139, -16932418.1263, 
-16931817.0011, -16930681.5423, -16927865.1592, -16927353.0895, -16926536.7466, -16921442.0246, -16920929.9549, -16917742.5068, -16913456.7064, -16909041.0333, -16907493.6924, -16906814.6435, -16906547.4767, -16904499.1981, -16903096.5725, -16898287.5705, -16894959.1177, -16892806.9409, -16891964.6234, -16891797.6442, -16888613.9067, -16885508.0929, -16884461.6897, -16877749.1244, -16869288.8431, -16868286.9677, -16865849.0709, -16865849.0709, -16865414.9248, -16864468.7092, -16864290.598, -16861674.5899, 
-16855652.2055, -16854928.6288, -16852334.8847, -16851700.3636, -16850197.5504, -16849974.9115, -16849607.5571, -16847436.8271, -16846757.7782, -16845143.6456, -16843852.3395, -16843473.8532, -16843195.5545, -16841514.6302, -16836705.6282, -16836271.4821, -16835870.732, -16835636.9611, -16834646.2176, -16833043.2169, -16829792.6878, -16829035.7152, -16827933.6523, -16826976.3047, -16825929.9015, -16818772.0582, -16813061.3683, -16812304.3958, -16810434.2283, -16810233.8533, -16809332.1654, -16808274.6302, 
-16807150.3034, -16806872.0046, -16802452.6208, -16801851.4956, -16798523.0428, -16795895.9028, -16795528.5485, -16792923.6724, -16791888.4012, -16790608.227, -16787947.6912, -16781825.1192, -16779509.6738, -16777828.7495, -16777550.4508, -16777405.7354, -16775724.8111, -16775401.9846, -16773520.6852, -16769635.635, -16768912.0583, -16768188.4816, -16767643.0161, -16766463.0295, -16762221.7569, -16760752.3396, -16759104.8111, -16758292.1788, -16755409.004, -16749431.1474, -16747104.57, -16744165.7355, 
-16744065.5479, -16743508.9505, -16743508.9505, -16738610.8929, -16735994.8848, -16735694.3222, -16733512.4602, -16731787.0081, -16731720.2164, -16731530.9733, -16729916.8406, -16729193.264, -16724762.7482, -16723838.7964, -16723126.3517, -16721901.8373, -16718217.1622, -16708398.7831, -16707508.2271, -16707474.8313, -16705326.3651, -16703244.6907, -16703166.767, -16700918.1133, -16697400.4174, -16696788.1602, -16695641.5694, -16695018.1803, -16689274.0946, -16688238.8233, -16686335.26, -16684776.7871, 
-16670116.0102, -16666932.2728, -16666898.8769, -16666731.8977, -16666175.3002, -16664906.258, -16664472.112, -16663926.6465, -16663325.5213, -16661566.6733, -16660241.9714, -16659585.1864, -16657659.3592, -16656089.7544, -16645236.104, -16642987.4503, -16640115.4074, -16637521.6633, -16634293.3981, -16632490.0223, -16629105.9098, -16628271.0136, -16626757.0685, -16625009.3525, -16623762.5742, -16619332.0585, -16608945.95, -16606240.8864, -16602355.8361, -16599884.5434, -16599172.0987, -16598871.5361, 
-16598559.8415, -16598426.2581, -16596912.313, -16593439.1449, -16589309.1918, -16589186.7404, -16581694.9387, -16576240.2836, -16575817.2695, -16572845.0391, -16571898.8235, -16558351.2414, -16552295.4611, -16544870.4511, -16535541.8778, -16524688.2274, -16523786.5395, -16519689.9823, -16518398.6762, -16518231.697, -16517931.1343, -16515181.5429, -16513378.1672, -16510773.2911, -16507923.5121, -16506598.8102, -16503181.3018, -16501901.1277, -16498171.9247, -16498049.4733, -16491548.415, -16490758.0466, 
-16482698.5155, -16481318.1538, -16471789.2054, -16467280.766, -16461447.6247, -16457328.8035, -16448089.2858, -16448022.4941, -16446631.0005, -16441098.4218, -16439072.407, -16438916.5598, -16437591.8578, -16422519.1988, -16421316.9483, -16418144.3428, -16415116.4526, -16407279.5605, -16405253.5457, -16404730.3441, -16404730.3441, -16404552.233, -16400600.391, -16398106.8344, -16392117.8458, -16382132.4875, -16381898.7166, -16375074.8318, -16354358.2746, -16352543.7669, -16352365.6557, -16351920.3777, 
-16339864.4769, -16327296.5063, -16322532.0321, -16310387.0757, -16299399.842, -16298720.7931, -16296961.9451, -16289180.7127, -16270679.4133, -16250196.627, -16203843.1911, -16193401.4228, -16172851.8448, -15967267.0092, -15959764.0755, -15927837.6456, -15927147.4647, -15907989.3804, -15784725.3082, -15757552.2205, -15704541.879, -15375303.353, -15123995.8919, -15111602.3219, -15097835.8116, 19457912.282, 19821426.0792, 19839214.9338, 6770856.586, 6670260.9056, 6809201.3188, 6715674.989, 6714494.057, 
6857404.5233, 6863628.6663, 6863112.3349, 6864357.6609, 6865086.7216, 6862899.7375, 6862990.85, 6862838.9965, 6865056.3427, 6866150.0533, 6862019.0367, 6863780.5347, 6862778.2558, 6862930.1083, 6862747.8857, 6862990.85, 6863021.2211, 6863902.0315, 6863021.2211, 6862504.9287, 6862049.4041, 6862504.9287, 6834317.0128, 6810746.13410001, 6830904.0446, 6815817.1331, 6806836.392, 6949096.5566, 6942039.038, 6947899.4089, 6947653.8622, 6947193.4826, 6946272.80270001, 6946610.373, 6946242.11520001, 6948022.185, 
6941149.6183, 6946426.242, 6946978.6478, 6942928.5564, 6949649.1467, 6933884.6112, 6947009.3381, 6944891.9813, 6943542.075, 6944370.3996, 6944216.9997, 6945137.4432, 6954962.0978, 7049992.1451, 7055870.1657, 7070568.6891, 7125712.3617, 7159084.8699, 7148249.2973, 7194308.68120001, 7090204.9953, 7274375.8292, 7265808.2236, 7277287.112, 7299429.0754, 7304308.09, 7300006.6945, 7300167.1518, 7307551.7521, 7314428.9147, 7313271.5851, 7321279.9599, 7313335.8767, 7314493.2158, 7316100.91580001, 7313400.1688, 
7311503.7738, 7313818.0805, 7313593.04830001, 7313528.7546, 7314782.5774, 7313914.5248, 7313078.7135, 7314493.2158, 7314943.3384, 7314846.8814, 7312564.4126, 7313593.04830001, 7306588.1475, 7324337.5301, 10348658.3496, 7309408.632, 7251424.2215, 7269892.6516, 7282485.3239, 7635208.5766, 7571166.8097, 7745253.5184, 7477599.7609, 7811780.0846, 7825827.7285, 7948162.6609, 7807398.0988, 7963705.2197, 8175892.5653, 7632306.969, 7804766.01000001, 7977617.9566, 7901809.7848, 7938446.522, 7953654.4729, 7934129.93430001, 
8018559.5739, 7761018.0479, 7744988.3329, 7816761.7533, 7936919.0458, 8605782.4168, 7935224.5375, 7903600.9483, 8023404.6445, 8088940.1708, 7938153.5573, 7839922.1177, 7938865.0627, 7950076.6545, 7950146.5175, 7951404.1621, 7949203.4219, 7946305.0157, 8004296.4295, 7773067.6638, 7797203.8372, 8002059.0481, 8001636.9754, 8002270.0933, 8002903.2646, 8002199.7442, 8002832.9096, 7889283.5266, 7824322.8502, 7963243.3044, 8005260.5383, 8007266.5631, 8022275.9642, 8020442.2208, 8024462.9367, 8020442.2208, 
8019948.5972, 8015190.322, 10174802.0171, 8254719.92770001, 8113219.4236, 8030603.97830001, 8025344.9609, 8023827.9435, 8022558.1183, 8029756.6389, 8076574.2749, 8021112.1904, 7919907.5845, 8023263.5502, 8040072.4469, 8013323.0831, 8019278.7315, 7980121.6188, 8059080.8026, 8059577.0109, 8076055.6245, 7999702.7792, 8055041.4731, 8831972.9591, 8051202.587, 8133245.3421, 8450294.3504, 8034291.0193, 8071602.3949, 8088107.5507, 8790563.0001, 8358930.0402, 10212125.5547, 8356140.8026, 9760623.7671, 9759062.7054, 
9763693.0749, 8356008.008, 8258643.3092, 8257878.8513, 8258606.9047, 8258352.0779, 8390437.4544, 8089110.97610001, 8367946.9315, 8355270.30400001, 8479127.3782, 8145648.1652, 8430563.6267, 8176108.5763, 8141647.7741, 8403263.851, 8414245.9711, 8392728.0985, 8336888.4159, 8415636.6228, 8407348.6532, 8402892.6177, 8402669.8866, 8400628.4996, 8400999.6188, 8409689.152, 8406271.5308, 8406122.9746, 8408425.9332, 8408871.7504, 8407162.93120001, 8405008.8983, 8486272.6404, 8399366.8342, 8412141.9014, 8403709.3557, 
8412476.4306, 8410172.2047, 8409800.6229, 8411621.5529, 8412253.4095, 8410358.0026, 8409726.3088, 8400108.9641, 8408240.1841, 8409540.5268, 8404674.7083, 8411918.8904, 8400183.18120001, 8260791.4941, 8416380.3947, 8412364.9192, 8409949.2533, 8417049.8537, 8397808.6047, 8411175.5692, 8417012.6599, 8413665.9908, 8414558.2871, 8414707.0137, 8418128.5546, 8556693.0873, 8008055.0424, 8303959.7912, 8423636.1131, 8429483.10110001, 8530167.296, 8272883.914, 8534739.0682, 8505355.7519, 8520202.4163, 7991851.5436, 
8524918.9459, 8440907.4441, 8520655.0714, 8271986.6916, 8425408.3396, 8625892.085, 8501103.2421, 8527334.9852, 8546275.6423, 8513755.1183, 8415986.1863, 8511569.60330001, 8111755.87180001, 8229939.2643, 8502570.6437, 8513302.8893, 8517675.6059, 8208386.214, 8540357.5669, 8641775.9111, 8474140.3264, 8704383.235, 8704816.5123, 8699711.6705, 8693490.1587, 8695692.1971, 8693992.3193, 8692408.6999, 8694494.5146, 8636124.8735, 8719803.6804, 8190703.8364, 8159580.2543, 8614466.1117, 8461376.9161, 8353374.7431, 
8653636.6296, 8675859.2778, 8667156.0481, 8677053.8957, 8677940.3519, 8678017.4402, 8678325.8014, 8696233.1506, 8702340.9898, 8298950.7632, 8701567.5618, 8012491.7828, 8658347.889, 8163223.6893, 8668272.2524, 8709212.6423, 8685576.0537, 8613159.4602, 8684650.0871, 8684225.7252, 8426324.4056, 8896037.397, 8491320.5479, 8894655.2061, 8494341.9398, 8538723.7498, 8703075.82250001, 8675335.2492, 8895250.9456, 8695638.1039, 8491636.1575, 8721974.92900001, 8341172.2046, 8339537.8889, 8743762.0915, 8676938.279, 
8739632.6562, 8924167.6603, 8731637.0984, 8475804.8001, 9027720.6445, 8641798.9229, 8137692.509, 8367193.25560001, 8738163.424, 8747310.1495, 9129292.6656, 8359749.3023, 8414736.7593, 8792418.7828, 8759554.9314, 8959161.0588, 9133331.47920001, 8374955.3708, 8422638.4928, 9127692.5473, 9202964.8205, 8394952.7065, 8506033.3706, 8594204.96290001, 8766036.2029, 9163967.6778, 8280503.7413, 8302443.5432, 8579085.8378, 9117091.5793, 8963682.5434, 8610386.4667, 9081517.4637, 9173325.4156, 9214017.9957, 9394189.96, 
8954858.6669, 8996355.2506, 8831595.0059, 9069885.7787, 9075577.0803, 8947173.6427, 8764842.465, 8337462.3878, 9165674.9216, 9186168.9358, 9003052.7902, 9239875.5871, 8772171.8392, 9582080.2329, 8601638.96510001, 9838715.7665, 9080319.2121, 8344419.82380001, 8828690.1506, 8611188.4639, 9080025.7932, 8462791.48270001, 9123337.116, 8945805.6082, 8606652.6116, 9201348.11210001, 8773976.0484, 8794862.5639, 9088001.2801, 8908847.1739, 8915846.1016, 8659839.5263, 8741568.7655, 8642903.5759, 8545874.3939, 
8599007.6066, 8615085.1335, 8974468.6135, 9149484.9009, 8654051.5284, 8514938.5829, 9373649.1998, 8733384.6461, 9065077.3438, 8554646.3091, 9097848.3283, 9053983.8803, 8759882.3657, 8749341.7269, 8592079.0867, 8727933.6876, 8337484.4645, 8850493.2254, 9094343.9705, 8353264.1223, 9055933.1361, 8497206.6472, 9124764.0273, 9076481.2653, 9110434.04080001, 8812251.302, 9087022.2146, 9073940.0627, 8324933.4542, 8317994.3362, 8816634.4872, 9149954.01880001, 8922182.0479, 8727980.2597, 8720858.2058, 8614924.6413, 
9651305.4738, 8771094.2142, 8814206.91140001, 8943478.1469, 8812769.6048, 9071717.2495, 8910996.2922, 9433857.6274, 8809519.04610001, 8740845.5799, 9103561.903, 9166466.8254, 8791948.9195, 9485879.3912, 8902713.7712, 8460074.8575, 9082153.3521, 8876330.47700001, 8899517.8782, 8899851.7112, 9493183.2414, 8798388.7011, 9012662.6918, 9062930.4553, 9014310.0109, 8812274.8604, 8893845.0794, 8716067.55050001, 9015036.8895, 8905290.5968, 9105819.1633, 8929864.38, 8880086.82380001, 8218981.1082, 8691883.4779, 
9623876.7571, 8914651.2643, 8861206.0094, 8592787.6433, 8673578.4875, 8980446.4367, 9539721.5968, 9527732.6875, 8600311.7266, 8945997.5974, 9579141.7134, 8535207.7417, 9534506.5236, 9687254.1278, 9296837.8972, 9223217.1371, 9039429.9513, 9593978.0187, 8708469.4476, 9216983.3598, 8831453.2786, 9387702.3458, 9036172.7488, 8926105.9543, 9771183.5221, 8906340.6786, 8636393.1412, 8755252.88190001, 8426681.9257, 8789764.4551, 8750789.8649, 8753009.3469, 8750439.4824, 8751116.9038, 8654720.0263, 8974661.3689, 
10574678.7274, 9204830.7087, 9666852.6735, 8501201.0598, 9746935.9582, 8888938.6088, 8902022.0026, 8557580.2025, 9468427.3757, 8754691.9331, 8895489.2552, 9589720.872, 9584179.9261, 9229930.777, 8932738.3848, 8678202.4553, 9140996.72040001, 8545170.36960001, 8679266.3837, 8715951.3117, 9609794.0372, 8640211.2775, 9609477.8952, 9604500.53070001, 8790844.8605, 9601473.6971, 8774116.655, 8168767.7163, 9452177.6115, 8133052.0472, 9447206.97170001, 8614878.787, 9506852.9157, 9475273.7698, 9474730.9834, 
9476669.6979, 9478117.6184, 8690122.7162, 8800058.3383, 8741475.4472, 8511999.1186, 8752658.8572, 8700090.5432, 9120336.6107, 9326997.0118, 10411015.8779, 8672145.6538, 8579359.6222, 9223491.5486, 9769134.9781, 8469036.7945, 8486002.3148, 8483727.4688, 8484560.7463, 9140380.2396, 8688617.1397, 8432874.2486, 8422214.1729, 8318919.1756, 7769253.6369, 7778228.8579, 7762469.53640001, 6656676.887, 6778456.93, 6655824.1933)"
CA,508,"c(-13929519.2025, -13916161.0402, -13882968.6853, -13872950.3388, -13780554.9576, -13779850.0384, -13761593.7506, -13744469.0366, -13734098.2304, -13725359.2563, -13707974.6021, -13693670.6862, -13679143.4043, -13678753.5755, -13678493.6896, -13676137.7305, -13675951.7337, -13675896.5292, -13675265.4991, -13675080.3516, -13675080.3516, -13674875.6702, -13674856.9856, -13674856.9856, -13674856.9856, -13674839.1503, -13674764.4119, -13674468.0061, -13674338.0631, -13674282.0093, -13674189.4356, -13674078.1772, 
-13673465.8317, -13673391.9426, -13673187.2612, -13672946.0599, -13672816.117, -13672723.5432, -13672686.174, -13672259.8253, -13672241.1407, -13672241.1407, -13672185.9361, -13672148.5669, -13672148.5669, -13672074.6778, -13672074.6778, -13671981.2548, -13671963.4194, -13671963.4194, -13671888.681, -13671833.4765, -13671814.7919, -13671814.7919, -13671740.0535, -13671722.2182, -13671703.5336, -13671684.8489, -13671592.2752, -13671573.5906, -13671573.5906, -13671573.5906, -13671554.906, -13671536.2214, 
-13671536.2214, -13671498.8522, -13671443.6477, -13671424.963, -13671406.2784, -13671387.5938, -13671351.0739, -13671276.3355, -13671202.4464, -13671146.3925, -13671127.7079, -13671091.188, -13671072.5034, -13671035.1342, -13670923.8759, -13670627.4701, -13670608.7854, -13670478.8425, -13670441.4733, -13670422.7887, -13670237.6412, -13670200.272, -13670200.272, -13670163.7521, -13670126.3829, -13670107.6983, -13670089.0137, -13669977.7553, -13669977.7553, -13669940.3861, -13669847.8124, -13669792.6078, 
-13669681.3495, -13669421.4636, -13669272.8361, -13669254.1514, -13669142.8931, -13668994.2655, -13668827.8027, -13668790.4335, -13668753.0643, -13668549.2322, -13668437.9738, -13668419.2892, -13668308.0309, -13668289.3463, -13668289.3463, -13668234.1418, -13668234.1418, -13668196.7726, -13668085.5142, -13667936.8867, -13667936.8867, -13667695.6854, -13667565.7424, -13667547.0578, -13667324.5411, -13667231.9674, -13667046.8199, -13666990.7661, -13666990.7661, -13666823.4539, -13666805.6186, -13666768.2494, 
-13666712.1956, -13666675.6757, -13666564.4174, -13666489.6789, -13666470.9943, -13666397.1052, -13666359.736, -13666248.4776, -13666155.9039, -13666025.961, -13665877.3334, -13665822.1289, -13665747.3904, -13665636.1321, -13665636.1321, -13665524.8738, -13665469.6692, -13665432.3, -13665302.3571, -13665264.9879, -13665153.7295, -13665117.2096, -13665023.7866, -13664912.5282, -13664893.8436, -13664819.9545, -13664801.2699, -13664634.807, -13664356.2365, -13664318.8673, -13664152.4045, -13664041.1461, 
-13663929.0385, -13663855.1493, -13663855.1493, -13663540.0589, -13663298.8576, -13663150.2301, -13663131.5455, -13663057.6564, -13663057.6564, -13663020.2871, -13662982.9179, -13662965.0826, -13662946.398, -13662816.4551, -13662816.2558, -13662334.0525, -13662241.4788, -13661906.8544, -13661183.2506, -13661071.9922, -13660960.7339, -13660756.9018, -13660664.3281, -13644615.1, -13636656.3068, -13633279.4887, -13633205.5996, -13633094.3413, -13633019.6028, -13632611.9387, -13631572.3951, -13628660.1443, 
-13619290.6633, -13615134.1875, -13609253.0274, -13608529.179, -13608510.8975, -13607305.3372, -13606506.9949, -13604392.2371, -13600476.9627, -13597119.2029, -13579326.837, -13577211.2299, -13576487.626, -13576339.8478, -13576023.908, -13575931.3343, -13575875.7335, -13575838.7606, -13575746.1868, -13575708.8176, -13575690.201, -13575634.5412, -13575616.2439, -13575467.6163, -13575449.0087, -13575448.9317, -13575393.7272, -13575300.3042, -13575300.3042, -13575170.3612, -13575152.5259, -13575133.8413, 
-13575096.4721, -13575096.4721, -13575040.4183, -13575022.583, -13575003.8984, -13575003.7308, -13574985.2138, -13574929.1599, -13574911.3246, -13574911.3246, -13574892.64, -13574892.64, -13574855.3048, -13574836.5862, -13574817.9016, -13574744.0125, -13574744.0125, -13574725.3279, -13574651.2191, -13574632.7541, -13574632.6658, -13574614.1126, -13574614.0695, -13574595.5593, -13574577.0061, -13574558.865, -13574558.865, -13574484.1266, -13574410.2374, -13574410.0268, -13574354.1836, -13574354.1836, 
-13574354.1836, -13574317.2606, -13574298.9791, -13574298.9791, -13574298.7073, -13574280.2945, -13574261.6099, -13574261.6008, -13574224.4943, -13574169.0362, -13574168.8346, -13574076.0684, -13574076.0684, -13574039.0932, -13573797.7696, -13573667.8969, -13573556.6906, -13572777.341, -13558268.4357, -13549344.8373, -13545485.6166, -13538045.7459, -13524705.7859, -13515781.3382, -13514186.3522, -13507822.5449, -13500753.8184, -13490864.5655, -13479547.6388, -13475929.6195, -13474686.2438, -13474166.4721, 
-13473628.865, -13472979.1502, -13460511.4216, -13438767.2273, -13433201.3207, -13432291.7201, -13420807.4812, -13420696.2229, -13420641.0183, -13405556.5955, -13400436.1639, -13375222.1361, -13365927.1775, -13266073.5943, -13258373.9925, -13257761.7353, -13248318.1355, -13245887.2871, -13240841.5939, -13240729.8532, -13239802.1945, -13236165.754, -13232937.1559, -13230692.4552, -13230228.7372, -13227167.4323, -13187407.8646, -13174383.4367, -13172880.5828, -13172416.7886, -13171155.1714, -13164735.7437, 
-13164698.641, -13156739.2974, -13155310.7009, -13148965.49, -13131432.6702, -13125514.1802, -13123955.7073, -13123324.8932, -13122007.6162, -13119465.8249, -13113844.1906, -13113306.139, -13113157.7167, -13113083.5, -13112452.697, -13104586.1159, -13104586.1159, -13103510.0238, -13102192.7469, -13102155.6441, -13101988.6649, -13100986.7894, -13099150.0178, -13097350.349, -13096033.0721, -13091840.0342, -13090634.0768, -13086700.7807, -13084566.9419, -13083138.557, -13079836.0862, -13079650.55, -13078815.6538, 
-13078073.5202, -13077442.7171, -13077015.985, -13076997.4392, -13076700.5835, -13076143.986, -13075810.0276, -13062989.7292, -13054251.1603, -13053100.8514, -13052766.893, -13052432.9345, -13052117.533, -13050577.6059, -13050392.0809, -13049390.2055, -13048685.1746, -13048072.9174, -13047868.8354, -13047015.3822, -13045698.1053, -13045679.5483, -13043787.117, -13043267.6335, -13037868.6382, -13037441.906, -13035716.4539, -13033824.0226, -13032080.0246, -13031913.0454, -13031838.8287, -13031616.1897, 
-13031579.0869, -13031319.334, -13029055.8414, -13026848.0086, -13026829.4516, -13025679.1539, -13025345.1954, -13025289.5357, -13021727.312, -13018480.4898, -13016829.2544, -13014398.7714, -13013285.5765, -13012172.3816, -13009927.446, -13008832.7969, -13007589.7367, -13004918.0689, -13004602.6562, -13004528.4507, -13004435.677, -13003378.1418, -13002858.6583, -13002617.4624, -13001225.9687, -13000131.3308, -12998517.1982, -12998405.8787, -12998053.3632, -12998034.8063, -12997478.2088, -12997311.2296, 
-12997255.5698, -12995789.8706, -12995585.7775, -12995270.376, -12994583.9021, -12994416.9228, -12994120.0783, -12992209.09, -12991652.4925, -12987644.9909, -12986494.6932, -12986401.9195, -12985826.7762, -12985474.2608, -12984787.7869, -12984769.241, -12984379.6228, -12978720.8746, -12978238.4939, -12973989.7963, -12973655.8378, -12973358.9932, -12971967.4996, -12971781.9634, -12971485.1077, -12970112.1711, -12969759.6556, -12968052.7605, -12967366.2866, -12966531.3904, -12964416.3201, -12963395.8988, 
-12963191.8057, -12962802.1874, -12962468.229, -12962431.1262, -12962208.4872, -12962152.8275, -12961967.2913, -12961744.6523, -12961559.1272, -12961522.0133, -12961522.0133, -12961076.9691, -12959481.1597, -12957774.2645, -12957273.3268, -12956661.0696, -12956475.5334, -12956085.9152, -12955900.379, -12953878.0824, -12950185.9822, -12947699.8506, -12946809.2947, -12946790.7377, -12946104.2638, -12946011.5013, -12945825.9651, -12945640.44, -12945529.1205, -12945213.7079, -12943024.432, -12939258.1151, 
-12938682.9719, -12938664.4149, -12938441.7759, -12922022.151, -12919758.6584, -12917977.5466, -12916344.857, -12915380.0844, -12915194.5593, -12914990.4661, -12914860.6008, -12912151.8191, -12908756.5747, -12898181.223, -12895620.8748, -12890407.4156, -12884117.8644, -12878533.3329, -12869516.4542, -12868403.2593, -12868254.837, -12868217.7342, -12867976.5382, -12867846.7286, -12867791.0021, -12863301.2755, 5019030.6214, 4922535.1938, 4929187.5991, 4906836.6573, 4871077.9188, 4870569.3375, 4716158.2774, 
4757162.1561, 4800522.5993, 4786504.9234, 4786216.4066, 4708263.5777, 4694396.9581, 4698278.3381, 4698183.4798, 4696920.9676, 4697278.0094, 4696254.3415, 4696111.5377, 4696230.3591, 4696658.7816, 4696563.9384, 4695873.3541, 4696040.1365, 4696254.3415, 4695896.7907, 4695849.3725, 4698183.4798, 4698611.9846, 4698707.3921, 4699017.0636, 4698731.3804, 4695992.1727, 4697254.5696, 4692730.6156, 4695040.0278, 4697040.3436, 4696802.1382, 4698707.3921, 4697921.26130001, 4697421.3747, 4697468.8002, 4697802.4201, 
4697421.3747, 4699469.5936, 4697587.6374, 4698564.5538, 4699278.7653, 4697635.6088, 4699731.8521, 4699660.4255, 4699207.3419, 4697159.1758, 4697802.4201, 4696944.9517, 4695373.0231, 4698016.6622, 4697111.7517, 4700017.5635, 4694849.2826, 4697159.1758, 4698112.0641, 4694753.9113, 4692944.7509, 4697349.9643, 4698350.3002, 4697301.9943, 4696230.3591, 4699135.919, 4697968.6891, 4696111.5377, 4696206.3767, 4698683.4038, 4696182.9394, 4696134.9748, 4696587.3766, 4697040.3436, 4698469.1477, 4696587.3766, 
4696206.3767, 4696182.9394, 4693373.0351, 4696587.3766, 4694968.0892, 4695087.44220001, 4696611.35990001, 4698088.0773, 4696896.9836, 4697016.3592, 4698540.5659, 4697611.62310001, 4697206.6, 4698516.5781, 4696063.5735, 4696040.1365, 4696825.57690001, 4696873.5447, 4695301.6272, 4695563.7782, 4697587.6374, 4695563.7782, 4697731.0071, 4695944.7541, 4695730.5556, 4696040.1365, 4694849.2826, 4696968.3908, 4692515.9399, 4696515.9721, 4697849.8474, 4697968.6891, 4696397.1474, 4696515.9721, 4692468.5375, 
4669332.5332, 4692397.1619, 4693492.3694, 4692730.6156, 4692087.6917, 4692040.2913, 4692539.91360001, 4692944.7509, 4694063.4498, 4690897.3001, 4690968.6652, 4691516.1774, 4691349.4691, 4691373.44000001, 4691206.734, 4691349.4691, 4690421.7271, 4691064.001, 4691016.6054, 4696658.7816, 4691397.411, 4691302.0721, 4690421.7271, 4691087.9713, 4692730.6156, 4691278.1013, 4691516.1774, 4691754.25910001, 4695373.0231, 4692040.2913, 4690778.5409, 4695563.7782, 4691564.1202, 4690421.7271, 4691682.88850001, 
4692183.038, 4692040.2913, 4691802.203, 4692111.6644, 4691992.3463, 4691230.7047, 4692730.6156, 4692920.7763, 4692873.372, 4691373.44000001, 4690231.0684, 4691302.0721, 4691135.3673, 4691349.4691, 4691087.9713, 4694301.591, 4688850.8055, 4687470.7296, 4689017.4729, 4690421.7271, 4692635.2641, 4691682.88850001, 4692920.7763, 4685733.6466, 4692539.91360001, 4690064.4769, 4686923.4348, 4687304.0875, 4690397.7584, 4687470.7296, 4689040.8937, 4689160.1773, 4684877.7384, 4684425.3121, 4547196.47390001, 
4677030.9073, 4522650.8342, 4522674.4163, 4522650.8342, 4522650.8342, 4522557.0421, 4522112.2114, 4686566.756, 4523728.1629, 4581945.4244, 4560090.3442, 4559925.6063, 4590969.0063, 4591864.908, 4590921.8406, 4486558.5125, 4489102.276, 5019424.233, 4519864.7659, 4921974.8972, 4546492.2034, 4547008.9861, 4545178.337, 4545483.4228, 4545882.2064, 4546257.4571, 4545975.9834, 4546116.7193, 4545225.1091, 4544685.3816, 4546234.3588, 4546562.5746, 4545624.0561, 4546703.8556, 4546398.734, 4544990.3484, 4545342.6955, 
4545788.5176, 4545483.4228, 4545741.2488, 4545365.7919, 4545741.2488, 4546750.5915, 4545553.7872, 4545835.2495, 4545318.9776, 4545741.2488, 4546726.9549, 4545553.7872, 4545881.9815, 4545248.6993, 4546046.35110001, 4545717.9282, 4545999.6183, 4545319.0621, 4545670.8832, 4545694.5174, 4545788.5176, 4545530.1848, 4546163.9898, 4544826.1774, 4544966.9751, 4545436.1554, 4545318.9776, 4545365.9122, 4545436.1554, 4545788.5176, 4545553.7872, 4545389.4254, 4545647.524, 4545201.433, 4545413.0589, 4545718.1517, 
4545131.2414, 4544474.2029, 4545107.9752, 4545694.4601, 4544990.3484, 4545718.1517, 4545131.2414, 4545178.1752, 4545576.884, 4545929.1435, 4545131.2414, 4545530.1848, 4545952.3486, 4545553.65260001, 4545459.7819, 4546304.7282, 4545882.2064, 4556824.1327, 4489148.7554, 4532560.5499, 4434414.8685, 4450240.4648, 4460663.89820001, 4434113.5211, 4393832.8131, 4492230.2075, 4382457.5646, 4365578.9151, 4362649.6054, 4381094.6802, 4379361.8412, 4381464.3395, 4363018.629, 4340967.0406, 4223495.7384, 4313792.7222, 
4831465.0147, 4300529.5156, 4300575.7061, 4300644.4675, 4325968.8534, 4278032.8537, 4779659.5255, 4085900.4511, 4121178.4394, 4098728.29520001, 4175846.4324, 4168774.4771, 4509639.4659, 4502835.9865, 4503560.5305, 4172015.2263, 4137367.7108, 4500989.5239, 4515206.8999, 4504355.3362, 4220581.345, 4492043.7024, 4171765.9085, 4480422.78640001, 4240519.4145, 4170111.4522, 4185759.284, 4185668.5173, 4051629.3498, 4327394.3871, 4255879.3394, 4090962.3296, 4088914.8028, 4317765.9304, 4313678.1461, 4359028.8227, 
4309385.3518, 4212957.46, 4210182.3181, 4210773.6796, 4012521.54080001, 4211069.3791, 4287763.5314, 4316778.287, 4289000.5229, 4281992.7631, 4281901.1836, 4281809.61870001, 4168661.1857, 4281992.7631, 4049723.4623, 4001688.174, 4270346.0494, 4258963.0501, 4265475.9648, 4256655.777, 4257683.7665, 4256815.7773, 4254760.2772, 4052302.0956, 4054948.6201, 4249737.3419, 4254531.9075, 4045688.5012, 4255262.7016, 3842132.0128, 4057887.4245, 3991088.1053, 4051158.3035, 4036346.3374, 4037331.715, 4032025.0952, 
4028690.1349, 4032987.7206, 4033793.6983, 4024528.3922, 4024058.6134, 4034107.145, 4031152.0907, 4029495.8088, 4033771.3048, 3925140.6365, 4033233.9811, 4032763.8435, 4032674.2913, 4032629.5221, 4006891.3833, 4031443.0892, 3870575.2912, 4053401.0038, 3989905.9575, 3990017.4838, 3848762.6577, 4046741.9317, 4015583.5387, 3982837.9696, 3981054.9396, 4067741.3613, 3980742.9281, 4020860.1481, 4023633.5876, 3982704.2325, 3999768.2805, 4049768.2987, 4076367.7837, 3956099.1196, 3946074.1034, 4014421.2178, 
3992917.3057, 4015136.4844, 4073806.1278, 3931707.4148, 4028757.2722, 3960058.177, 3976687.6673, 3967089.9551, 3990128.9977, 3932972.3901, 4030010.5703, 3984576.6942, 4029831.5231, 3984309.181, 3982459.05620001, 4036906.1942, 4006332.9823, 4005774.6086, 3964263.37530001, 3965487.4022, 3926471.4417, 3988567.8338, 3966600.2581, 3982102.4344, 3987452.8541, 3978960.2225, 3969249.2929, 3969382.874, 3949296.2716, 4026318.1986, 3950452.0337, 3950051.9507, 3950185.3101, 4112855.8319, 4022828.3274, 3959768.9824, 
3961281.7585, 3919087.3928, 3962082.7155, 4050553.0395, 3963039.478, 3963796.0554, 3958834.725, 3958189.691, 3958389.8715, 3959991.4402, 3888160.6712, 3962549.966, 4050822.1076, 3956365.9795, 3934637.041, 3956365.9795, 3956432.6954, 3958011.7602, 3956410.4656, 4070526.2624, 3953608.7333, 3956143.6047, 3957033.1026, 3957366.5185, 3930664.473, 3903314.9408, 3919020.8911, 3970963.7101, 3945252.0317, 3945785.2579, 3929244.4368, 3920306.6622, 3895215.4705, 3943563.6395, 3946496.2598, 3929288.8191, 3898268.7108, 
3898534.2476, 3898423.6109, 3898910.4439, 3898954.6976, 3899087.473, 3892317.8454, 3885065.8482, 3885618.4381, 3894795.16800001, 4013750.7044, 4001621.1954, 4018624.0062, 3921370.8523, 3926937.2594, 3986717.0238, 3986627.831, 3985847.4669, 3916560.5951, 3914876.3631, 3913281.0033, 3866977.5032, 3866116.84670001, 3897671.275, 3918666.2174, 3916937.3591, 3918777.0592, 3920838.7451, 3920883.082, 3920594.8619, 3920683.5473, 3920195.6595, 3920905.2572, 3920085.0303)"
Texas,137,"c(-11648026.2386, -11628434.0083, -11615854.9058, -11615743.5863, -11613183.238, -11609287.0558, -11608953.0974, -11603943.7203, -11603609.7618, -11599156.9822, -11598600.3847, -11598377.7458, -11598043.7873, -11597932.4678, -11597041.9119, -11596930.5924, -11596707.9534, -11596707.9534, -11586132.6018, -11579787.3908, -11579342.1128, -11578674.1959, -11577115.723, -11576781.7645, -11576670.445, -11575111.9722, -11565983.7739, -11553849.9494, -11553738.6299, -11550510.3647, -11548617.9334, -11543385.9173, 
-11542161.4029, -11523682.3674, -11510435.348, -11508988.1946, -11502976.9421, -11491622.3541, -11396889.4674, -11378855.7099, -11377853.8345, -11375070.8472, -11373623.6938, -11373623.6938, -11373623.6938, -11372844.4574, -11372399.1794, -11372065.221, -11368725.6362, -11368391.6778, -11368057.7193, -11366387.9269, -11365942.649, -11365608.6905, -11364495.4956, -11363827.5786, -11363048.3422, -11362825.7032, -11360933.2719, -11359486.1185, -11356369.1728, -11356257.8533, -11355701.2558, -11354699.3804, 
-11354699.3804, -11354476.7414, -11354365.4219, -11351693.7542, -11347574.933, -11347240.9745, -11346907.016, -11346907.016, -11346795.6966, -11346573.0576, -11346573.0576, -11346350.4186, -11346350.4186, -11346127.7796, -11345905.1406, -11343122.1534, -11338780.6932, -11335886.3865, -11333214.7187, -11328761.939, -11326312.9103, -11323307.284, -11322639.3671, -11321971.4501, -11320635.6162, -11320412.9772, -11320190.3383, -11319856.3798, -11316962.073, -11316516.7951, -11316294.1561, -11316182.8366, 
-11316071.5171, -11315626.2391, -11315403.6002, -11315403.6002, -11313845.1273, -11313733.8078, -11313733.8078, -11310505.5426, -11301488.6638, -11299150.9545, -11298371.7181, -11297703.8011, -11297481.1621, -11296034.0088, -11295811.3698, -11295032.1333, -11294920.8138, -11292583.1045, -11264753.2318, -11264307.9539, -11258408.0209, -11252174.1294, -11251840.1709, -11251283.5735, -11239928.9854, -11236478.0812, -11236366.7617, -11207868.972, -11201746.4001, -11196848.3425, -11036770.9147, -10960628.383, 
-10960517.0635, -10934356.9832, -10921109.9638, -10914987.3918, -10914987.3918, -10905747.874, -10901963.0113, -10894838.5639, -10825263.8822, 3663696.7001, 3691851.1118, 3701380.9213, 3693025.618, 3702817.5653, 3711963.8155, 3705822.0044, 3714447.5551, 3704776.8981, 3704646.2661, 3711440.9875, 3711702.3987, 3711833.1064, 3712617.382, 3709219.2192, 3725303.5304, 3704123.7522, 3724910.9766, 3704515.6355, 3701380.9213, 3701642.1167, 3702295.12970001, 3700597.3686, 3700336.1955, 3700336.1955, 3706344.5912, 
3553005.5785, 3760029.4358, 3760291.89820001, 3717193.33130001, 3647693.1056, 3642883.0766, 3675159.2144, 3689763.3793, 3668254.3737, 3665779.9984, 3682067.9435, 3637165.4782, 3806311.4141, 3778941.3827, 3780387.2703, 3809868.857, 3784068.4983, 3784331.4864, 3785515.0045, 3810264.194, 3817778.0906, 3818701.1769, 3877531.1816, 3821207.058, 3820283.7772, 3810132.4135, 3784331.4864, 3817250.6449, 3810791.3304, 3809868.857, 3809341.7614, 3810264.194, 3810527.7593, 3817118.7871, 3780650.1777, 3780387.2703, 
3825824.5379, 3755043.7362, 3755174.9124, 3755174.9124, 3782227.743, 3720986.1374, 3733811.9829, 3777101.4142, 3798804.7384, 3798936.39380001, 3808287.6402, 3798804.7384, 3798936.39380001, 3799463.0299, 3808419.4003, 3741933.3108, 3777364.2495, 3798409.7809, 3796040.3101, 3804072.0869, 3781701.8648, 3810264.194, 3765804.9309, 3744292.1373, 3784988.982, 3761341.8051, 3727659.1195, 3726612.1345, 3727135.6157, 3726612.1345, 3772634.093, 3775655.9225, 3775130.3323, 3775524.5228, 3774867.5458, 3773422.323, 
3775393.1245, 3775655.9225, 3767905.7984, 3780387.2703, 3781176.0097, 3776444.3509, 3780650.1777, 3778284.2187, 3747962.3385, 3775655.9225, 3779467.1398, 3776312.9426, 3897029.62310001, 3756355.5625, 3785646.5137, 3825560.6336, 3818041.8222, 3787487.7944, 3833876.4394, 3807233.6122, 3781833.3322, 3781833.3322, 3880049.566, 3878458.9447, 3878061.323, 3862432.1869, 3865212.1262, 3872098.6106, 3347928.6712, 3344118.8997, 3344118.8997, 3390800.8046, 3393094.6476, 3324325.6904, 3362288.6634, 3328890.74, 
3426145.1598, 3381247.4418, 3412098.0309)"
Russia,92,"c(5365376.8173, 14583042.5371, 15879781.0214, 15893874.0689, 16622493.532, 16801038.8633, 17340738.0186, 17343198.1793, 17352938.6348, 17353150.1418, 17371584.6495, 17373365.7613, 17427800.9923, 17508340.6439, 17520908.6144, 17593856.2767, 17614639.6257, 17622354.0664, 17624190.838, 17644272.8741, 17660147.0335, 17665445.8413, 17675976.6651, 17686885.9752, 17696548.507, 17712044.1801, 17712077.576, 17712099.8399, 17715840.1748, 17718355.9952, 17728185.5063, 17731959.237, 17737514.0796, 17741232.1506, 
17748779.6121, 17749859.4111, 17754534.8298, 17770809.7393, 17771032.3783, 17772490.6636, 17779704.1666, 17781140.1881, 17781362.827, 17785837.8706, 17789711.7888, 17790257.2543, 17795300.0273, 17798684.1398, 17803081.2597, 17807433.8518, 17814435.8477, 17814858.8618, 17815226.2161, 17818777.3079, 17819512.0165, 17819756.9194, 17821482.3715, 17822762.5457, 17826124.3943, 17827104.0058, 17827348.9087, 17830198.6876, 17830632.8337, 17833849.9669, 17835965.0373, 17837901.9964, 17840250.8377, 17840440.0808, 
17840462.3447, 17843824.1933, 17847575.6602, 17851739.0091, 17853342.0098, 17853586.9127, 17855958.0178, 17856258.5804, 17858162.1437, 17859253.0747, 17860911.7352, 17863427.5556, 17864251.3199, 17865698.4733, 17868214.2938, 17871976.8925, 17883164.5014, 17886248.0513, 17920111.4404, 17991033.0879, 18001419.1964, 18001541.6479, 18077283.4294, 18275164.9562, 5215812.4566, 5323973.7121, 6689751.7576, 10330110.2347, 5617114.5358, 5700312.7399, 6402506.5293, 6397976.8968, 6398183.5186, 6443765.075, 6429234.8187, 
6416921.2367, 6277644.5892, 6464445.1754, 6511526.6721, 6539431.6443, 6763071.3667, 6523404.5005, 6735113.3875, 6891242.8749, 6782461.2406, 6823647.2055, 6776834.1241, 6917710.6826, 6905629.07690001, 6713688.9742, 6622443.578, 6603359.1485, 6863476.8007, 6713438.5202, 6939315.8853, 6707662.3256, 6700193.3206, 7121576.5715, 6733409.5522, 6724770.3226, 6714064.6696, 6713223.8515, 7025283.6104, 6690607.9983, 6844491.8609, 6705999.9694, 7010550.9014, 6672788.1725, 7008323.85860001, 6853441.794, 7016548.4518, 
6815527.2761, 6653089.0674, 7054681.7707, 6551665.3726, 6758231.1298, 6836151.1715, 6794052.422, 6856918.93870001, 6721564.3116, 6854934.4159, 6801282.7392, 6822921.88, 7028092.0472, 6754166.8402, 6694051.70630001, 6802277.4131, 7023944.8368, 6869894.0983, 6843946.4544, 6834208.066, 6858557.9039, 6859486.7989, 7002313.9486, 6845273.6745, 6850675.7136, 6864843.694, 6791234.3475, 6799637.2745, 6850730.2981, 6834516.7524, 6834553.0693, 6896346.4794, 6863859.5074, 6857647.3265, 6835878.7453, 7018740.6337, 
6847401.3186, 6865536.3419, 6834789.1326, 6872557.3196, 7045821.077, 7054532.4561, 7056865.8167, 7405052.0287, 7320231.0064)"
Hawaii,90,"c(-17409106.7392, -17355412.8545, -17344281.689, -17340460.0732, -17325468.6951, -17321238.5544, -17321034.4687, -17320700.5102, -17320552.0842, -17320440.7648, -17320385.105, -17315838.857, -17311979.6364, -17311571.9723, -17311516.6522, -17310032.3924, -17309995.6709, -17309995.6709, -17309810.5234, -17309772.6469, -17309550.6375, -17309494.3482, -17309327.3689, -17309104.7299, -17308974.8572, -17308752.2952, -17308752.2952, -17308362.6, -17308344.6311, -17308269.8926, -17308121.4078, -17307917.322, 
-17307731.7896, -17307601.9168, -17307361.1413, -17307305.0875, -17306544.3817, -17306210.4232, -17305913.9336, -17304855.7054, -17304614.5041, -17303241.9034, -17301182.4928, -17300923.4449, -17300570.2356, -17300347.5967, -17300143.7872, -17299586.6462, -17299270.7065, -17297916.9218, -17297842.1834, -17296507.0742, -17296265.882, -17296043.243, -17295931.9235, -17295895.5871, -17295876.9025, -17295560.9627, -17295504.9089, -17295357.1307, -17295022.8144, -17295022.8144, -17294706.5666, -17294076.5987, 
-17293705.5337, -17293315.9155, -17293019.8562, -17287526.5818, -17285894.2266, -17281441.8365, -17280310.9263, -17279679.0469, -17279011.3609, -17278510.4096, -17277731.1868, -17277304.4032, -17276896.2906, -17274985.8133, -17274353.9339, -17271923.2364, -17271218.3171, -17270717.23, -17268082.7004, -17267359.9209, -17267026.1708, -17265968.4273, -17263482.292, -17259715.3937, -17251329.4024, -17236802.7207, 2297786.5811, 2215801.4531, 2290769.4522, 2287785.5406, 2203463.4648, 2209110.0089, 2209306.7826, 
2206670.183, 2209818.4037, 2177141.3554, 2210093.8976, 2236461.3359, 2169186.9312, 2141891.329, 2172348.65, 2178418.3003, 2174175.3044, 2174705.5698, 2176394.9183, 2268371.9354, 2279982.0437, 2178182.5503, 2172466.4892, 2197464.6023, 2213085.2301, 2173801.9468, 2177809.2284, 2185826.2404, 2178437.8437, 2178555.88, 2175648.4187, 2178300.4249, 2213636.3161, 2174096.6719, 2172270.1544, 2171543.5224, 2185983.4688, 2203778.2109, 2185963.9261, 2175609.2349, 2184981.0607, 2210211.9677, 2187418.237, 2148226.3301, 
2197661.2567, 2194141.448, 2186848.3228, 2186769.5982, 2187202.1378, 2158664.4051, 2183035.7192, 2159488.8179, 2158880.4736, 2177239.5789, 2171327.4065, 2158311.3337, 2161510.5464, 2159057.0137, 2159685.024, 2162413.3748, 2164121.307, 2170914.9965, 2161078.5783, 2163728.6805, 2178103.9676, 2184784.6346, 2165083.2416, 2202165.2533, 2204466.6593, 2191880.4576, 2164749.6006, 2192096.6062, 2192371.9547, 2194927.8528, 2189246.2467, 2194455.9869, 2193984.1531, 2185688.6288, 2193492.7145, 2131971.5199, 
2194121.84, 2141675.6718, 2194731.4094, 2195950.4313, 2184922.1354, 2197326.9455, 2198526.5596, 2195852.0412, 2188813.8437, 2209129.6862)"
Japan,76,"c(13693711.1251, 13850738.3988, 14094394.5003, 14498105.7656, 14665151.7935, 14671441.3447, 14689452.8383, 15081987.6267, 15511335.7708, 15573062.4284, 15583604.3842, 15600168.7244, 15694077.8469, 15711766.514, 15766168.3491, 15788966.5808, 15806421.477, 15809872.3812, 15811352.9304, 15848144.0221, 15927492.5552, 15931466.661, 15933615.1272, 15935596.6141, 15936509.4339, 15938780.3515, 15939893.5464, 15939949.2062, 15941785.9778, 15943188.6034, 15947897.4178, 15949210.9878, 15949511.5504, 15949979.0923, 
15950702.669, 15953463.3924, 15954064.5176, 15955500.539, 15957281.6509, 15959118.4225, 15961010.8538, 15962357.8197, 15962992.3408, 15963248.3756, 15963905.1606, 15964417.2303, 15964573.0775, 15964751.1887, 15965608.3488, 15966265.1338, 15966309.6616, 15967088.898, 15968469.2597, 15968591.7112, 15972955.4352, 15973300.5256, 15973701.2758, 15974814.4707, 15974892.3943, 15975048.2416, 15975415.5959, 15978009.3401, 15978387.8264, 15979501.0213, 15980892.5149, 15981137.4178, 15984009.4606, 15984955.6763, 
15986413.9616, 15987315.6495, 15987827.7192, 15993560.6729, 15993783.3119, 15994696.1318, 16183705.4952, 16212303.4724, 2669042.105, 2888106.1351, 3179693.7803, 3082850.8944, 3420677.7476, 3760869.33570001, 3769665.5574, 4219165.4038, 4382124.98490001, 4348335.4777, 4267359.7164, 4263108.0094, 4132872.1006, 4448659.1097, 4338071.5644, 4452301.023, 4481313.698, 4745262.2527, 4497798.17020001, 5170586.1546, 4749900.8169, 4798641.3565, 4810180.7461, 4771700.4662, 4815254.2, 4800777.8122, 4804445.4945, 
4820402.5572, 4796563.0801, 4836993.6935, 4807031.0071, 4773759.2035, 4792768.4509, 4787677.5351, 4793619.5926, 4785457.3779, 4762635.5165, 4783713.3131, 4799608.4793, 4788672.4402, 4792999.2618, 4791686.5954, 4771038.3046, 4798713.5267, 4792465.5196, 4778511.7451, 4781148.2145, 4788369.6325, 4779923.5389, 4834617.7018, 4773456.8451, 4793186.79960001, 4786682.7286, 4832778.1461, 4782344.2183, 4868674.6205, 4866625.2942, 4766548.2713, 4812146.2234, 4799276.4714, 4797039.3137, 4765253.4415, 4779793.8761, 
4794990.2268, 4777460.2318, 4765037.6527, 4756524.8779, 4805080.9776, 4825177.2819, 4862411.6978, 4773024.92020001, 4776624.8612, 4767037.4726, 4768994.5154, 5308943.3544, 5312626.3737)"
Indonesia,50,"c(10554557.1445, 10681494.7598, 10681594.9474, 10740471.8261, 11441283.6803, 11732918.4823, 12126121.1877, 13112178.1052, 13563044.3068, 13567474.8225, 13624103.0475, 13702394.0454, 13724067.9502, 13946116.9385, 14007999.4435, 14018552.5312, 14059139.6175, 14065184.2659, 14132877.6482, 14146347.3066, 14179064.105, 14194804.681, 14232619.912, 14409974.1247, 14410775.6251, 14501367.4267, 14508269.2351, 14557773.0126, 14578945.9798, 14634650.253, 14643043.7426, 14739323.9702, 14829526.1536, 14905946.984, 
15461676.1459, 15466529.6757, 15467854.3777, 15468121.5445, 15471316.4138, 15473019.602, 15474700.5264, 15477906.5277, 15481702.5223, 15482927.0367, 15485799.0796, 15486032.8505, 15513951.7788, 15519940.7674, 15540145.255, 15554661.3166, 595140.841800001, 442303.589900002, 549818.742700003, 489606.846700002, -508231.781399999, -846363.806699999, -912015.757199999, 364067.558800001, 162521.777000003, -757713.282699998, -803606.943799999, -6267.28830000013, -880043.535599999, -22074.6990999989, 145674.2172, 
-400478.721799999, -445428.086399999, 128916.747300003, 205698.407700002, 192823.591900002, 207068.3543, -678801.614799999, 454746.418000001, -325360.910399999, -805076.840499997, -715286.352399997, -697578.673899997, -844656.861199997, -699527.2619, -786846.373199999, -690020.108599998, -726231.784899998, -701363.921599999, -595621.602699999, -236017.7698, -241353.707699999, -236864.379299998, -248160.337499999, -283245.310799997, -221325.287899997, -243514.866099998, -245508.9494, -248060.074199997, 
-235405.0944, -242946.7238, -249174.1149, -224288.193299998, -316522.095899999, -238546.471099999, -299136.0207)"
New Mexico,50,"c(-11636226.3726, -11630326.4396, -11629547.2032, -11629324.5642, -11628767.9667, -11628656.6472, -11628211.3693, -11628100.0498, -11627988.7303, -11627988.7303, -11627988.7303, -11627877.4108, -11627766.0913, -11627654.7718, -11627432.1328, -11627320.8134, -11627320.8134, -11627320.8134, -11627209.4939, -11627098.1744, -11627098.1744, -11626764.2159, -11626764.2159, -11626652.8964, -11626541.5769, -11626318.9379, -11626318.9379, -11626318.9379, -11625428.382, -11624760.4651, -11624760.4651, -11621086.9219, 
-11620975.6024, -11620196.3659, -11619862.4075, -11619751.088, -11617636.0177, -11614073.794, -11613851.155, -11613517.1965, -11612737.9601, -11610288.9313, -11596151.3559, -11596040.0364, -11563312.1062, -11555965.0198, -11554740.5054, -11554629.1859, -11550287.7257, 3716408.7605, 3713401.7082, 3715754.9902, 3716931.8021, 3717585.6356, 3718893.4083, 3716147.2482, 3716801.0396, 3716408.7605, 3717716.4066, 3719547.3474, 3715101.2551, 3718108.7278, 3718239.5044, 3717454.8661, 3717585.6356, 3718239.5044, 
3718370.2823, 3714709.0309, 3717585.6356, 3717977.9526, 3717977.9526, 3719808.9329, 3719939.7278, 3718370.2823, 3717193.33130001, 3717454.8661, 3718239.5044, 3719939.7278, 3716539.51880001, 3718501.0617, 3717716.4066, 3718370.2823, 3721116.9449, 3719939.7278, 3719678.13940001, 3726873.8723, 3721247.7538, 3719678.13940001, 3718108.7278, 3719678.13940001, 3718370.2823, 3729622.46, 3730276.9775, 3761473.0499, 3764623.3541, 3763835.7008, 3764098.2462, 3768562.3947)"
Philippines,41,"c(13332011.8356, 13349800.6902, 13379022.0566, 13419920.8375, 13420087.8167, 13426945.0974, 13476805.0973, 13598622.0161, 13671057.6087, 13680107.8833, 13686709.1291, 13796659.3902, 13810373.9515, 13817709.9059, 13843669.6112, 13934472.9198, 13955178.3451, 14021213.067, 14038423.0603, 14050812.9196, 14078319.9658, 14080034.286, 14093336.9651, 14102710.0662, 14110246.3958, 14110335.4513, 14110457.9028, 14120888.5391, 14124339.4433, 14128781.091, 14131074.2725, 14139534.5538, 14144833.3615, 14146013.3481, 
14154495.8933, 14157145.2972, 14159861.4928, 14160462.6181, 14175613.2007, 14175724.5202, 14177127.1458, 2042898.3431, 1798076.4781, 1890068.9091, 2110024.5642, 2106406.9138, 2117520.3543, 2381948.7201, 2292694.4502, 1078444.8228, 446309.66, 2001482.2229, 1225949.5839, 442203.161400001, 1247499.15, 1267269.0578, 556165.470100001, 526615.303100001, 603560.2366, 1091330.5644, 1088823.0909, 990436.634200003, 1012423.3298, 892789.275000002, 816175.377500001, 810900.743000001, 800431.6631, 721739.084400002, 
745999.476800002, 816747.764800001, 789684.2927, 841883.203100003, 638602.159500003, 787452.0821, 774957.954200003, 658340.505200002, 761603.499600001, 794272.404800002, 683940.363700002, 696414.0317, 774509.387300003, 848194.348000001)"
Washington,33,"c(-13898572.384, -13783245.3916, -13681165.4185, -13676434.3401, -13672649.4774, -13655357.8499, -13643947.6021, -13640162.7394, -13631887.9906, -13626451.8888, -13625561.3328, -13615857.9839, -13608510.8975, -13608473.791, -13608195.4923, -13607212.1701, -13604744.5881, -13602870.71, -13602592.4112, -13602499.645, -13602388.3255, -13602351.219, -13602295.5593, -13602202.793, -13602128.58, -13601887.3878, -13600050.6162, -13570495.2914, -13561923.6906, -13552071.9157, -13361251.7552, -13358190.4692, 
-13314516.1223, 6212508.2533, 6039492.2009, 6072458.6244, 6071906.3086, 6070553.2846, 5856097.3738, 6168994.9557, 5814843.5036, 5751258.0281, 5840056.6468, 5861459.7717, 5812752.3568, 5860489.4474, 5860112.128, 5859384.4862, 5859034.1617, 6076353.4565, 5810983.3114, 5812403.8805, 5812377.0752, 5811304.9297, 5811814.1826, 5812243.0499, 5812725.5505, 5811090.5162, 5812805.9698, 5812109.0266, 5916647.9714, 6163829.5679, 5910438.5185, 5850926.6995, 5896192.4187, 5883969.00250001)"
Wyoming,32,"c(-12339821.2142, -12339765.5544, -12339747.0012, -12339747.0012, -12339728.4479, -12339542.9155, -12339487.2557, -12339487.2557, -12339394.4895, -12339375.9362, -12339338.8297, -12339301.7232, -12339301.7232, -12339301.7232, -12339060.531, -12339041.9777, -12339023.4245, -12338837.892, -12338745.1258, -12338708.0193, -12338633.8063, -12338578.1465, -12338522.4868, -12338429.7205, -12338318.4011, -12338225.6348, -12338207.0816, -12337817.4633, -12331806.2108, -12321230.8592, -12319115.7889, -12307946.7333, 
5589593.5594, 5588835.3656, 5589358.2511, 5589750.435, 5589279.8163, 5589593.5594, 5589149.0933, 5589175.2377, 5589332.1061, 5589070.6603, 5590221.0782, 5588913.7965, 5589175.2377, 5590064.19440001, 5590011.90040001, 5589096.8046, 5590534.8539, 5589985.7536, 5590613.2995, 5589070.6603, 5589436.68650001, 5589593.5594, 5589253.6716, 5588364.7945, 5589122.9489, 5589305.9612, 5591057.8376, 5591580.8515, 5583137.8712, 5571649.2425, 5570866.4568, 5591607.003)"
Montana,30,"c(-12353661.9375, -12343160.7989, -12343049.4794, -12342938.1599, -12342455.7755, -12342214.5832, -12342177.4767, -12341973.391, -12341954.8378, -12339821.2142, -12324440.5712, -12323883.9737, -12322733.6723, -12322566.6931, -12322492.4801, -12321935.8827, -12321082.4332, -12320971.1137, -12320934.0072, -12320915.454, -12320767.028, -12320748.4748, -12320525.8358, -12320470.176, -12320451.6228, -12320451.6228, -12320321.75, -12317204.8043, -12316481.2276, -12316388.4614, 5536932.3985, 5580943.4625, 
5580264.3485, 5580943.4625, 5580603.8991, 5581309.1604, 5581047.9461, 5581909.9818, 5581230.7953, 5586665.7135, 5572092.85110001, 5559341.2326, 5559054.59230001, 5558533.4512, 5569718.4932, 5564424.0866, 5567866.4037, 5569848.9363, 5568988.0466, 5570370.7274, 5569066.3059, 5568857.6158, 5567970.7367, 5569353.2625, 5567683.82380001, 5568883.7018, 5569066.3059, 5509108.8034, 5508901.4832, 5508875.5685)"
Utah,28,"c(-12585354.9044, -12567766.4248, -12567543.7858, -12567543.7858, -12567413.9131, -12567376.8066, -12567246.9339, -12567172.7209, -12558322.8214, -12557098.307, -12513813.5783, -12512422.0847, -12510307.0143, -12487968.9032, -12476669.9749, -12474944.5228, -12474425.0318, -12470287.6574, -12468543.652, -12468302.4598, -12466892.4129, -12426724.63, -12415945.1926, -12400898.5081, -12381120.7453, -12378838.6957, -12375146.5993, -12297260.0622, 4516728.1679, 4651036.7784, 4651179.0313, 4651297.5768, 
4650775.9866, 4651250.1584, 4651297.5768, 4651368.7048, 4456800.4944, 4643618.6577, 5096882.7812, 5139757.1195, 5127509.0435, 5086670.9198, 5027176.7115, 4968289.8197, 4754407.3876, 4722244.5545, 4772506.6348, 4715967.3944, 4721838.6889, 5133581.3324, 4802808.8299, 4721456.7127, 4809886.9212, 4813572.3997, 5019522.6384, 4751797.0668)"
Oklahoma,18,"c(-11167738.2956, -11165697.442, -11078255.9786, -10994041.3924, -10993727.3779, -10899087.2582, -10889754.9735, -10859828.5841, -10850218.0017, -10828009.7633, -10795541.5782, -10779622.891, -10777786.1194, -10770364.8196, -10731792.6161, -10670696.7692, -10604851.2904, -10599637.828, 4430212.9752, 4429052.4522, 4278971.2002, 4365263.1365, 4364887.0251, 4215300.9601, 4181992.7205, 4132623.653, 4081492.8381, 4095283.5934, 4325670.2893, 4092177.5147, 4080346.2424, 4237395.2911, 4392953.8815, 4327900.1805, 
4378830.4041, 4338389.1432)"
Nevada,17,"c(-13198417.3147, -13150683.5171, -13116508.4334, -12988223.8522, -12987978.9493, -12969433.1222, -12969021.24, -12968876.5247, -12968509.1704, -12968030.4966, -12967896.9132, -12967551.8228, -12967217.8643, -12887490.845, -12822190.8317, -12810357.5698, -12711951.14, 4679873.9075, 4565562.7192, 4604035.4218, 5042833.4499, 5042389.5679, 4641685.6139, 4644755.9124, 4640690.8069, 4644343.643, 4643789.2378, 4643490.7244, 4640022.9191, 4642609.44970001, 4669836.0222, 4287392.4613, 4488733.4129, 4376483.6923
)"
Chile,16,"c(-8627460.9116, -8232877.8445, -7956939.0907, -7949079.9347, -7843604.7171, -7822364.9583, -7815708.0527, -7786341.9711, -7762308.093, -7705791.1875, -7697252.9826, -7692143.418, -7684607.0884, -7635982.7349, -7628913.9472, -7623548.3477, -5724724.4292, -4427516.1165, -3179267.2854, -3595804.4662, -4010461.2924, -2691906.3264, -3787251.0424, -2158668.4321, -3812451.9624, -2200705.7223, -2201520.0216, -2191833.2746, -2350371.8678, -2504143.0248, -2676352.6912, -2432550.0982)"
Guadeloupe,15,"c(-6656482.5354, -6646998.1148, -6646853.3994, -6645751.3365, -6644092.676, -6642589.8629, -6638983.1114, -6636500.6868, -6635242.7765, -6633829.019, -6633328.0813, -6631502.4416, -6630801.1288, -6630545.094, -6628340.9681, 1862385.4029, 1850325.9564, 1864324.3386, 1850813.3162, 1867215.6378, 1847030.7515, 1868957.5643, 1868330.4552, 1850906.1478, 1860713.6406, 1861166.3973, 1866124.0995, 1871547.4791, 1869515.0095, 1869747.2824)"
Papua New Guinea,15,"c(16203498.1006, 16257933.3316, 16338027.7053, 16434942.4539, 16471822.6012, 16506932.7686, 16528473.0901, 16573390.5046, 16864869.4593, 16899812.6475, 16964756.4384, 17057129.3519, 17180705.1186, 17235919.586, 17329717.389, -656001.567199998, -376311.0341, -756928.546799999, -733582.214199997, -337031.7797, -742401.769299999, -705451.817399997, -642048.092799999, -419933.013999999, -702259.874199998, -600485.303599998, -641734.818399999, -698620.1525, -746828.8884, -787205.310999997)"
Puerto Rico,15,"c(-7531691.2146, -7485883.2441, -7443062.3467, -7439463.0165, -7438349.8216, -7432468.4418, -7428349.6206, -7428015.6622, -7421262.2797, -7409035.689, -7405566.2315, -7368626.7138, -7354396.3723, -7348848.951, -7340258.7969, 2188558.2658, 2055542.8206, 2033900.8635, 2035675.8579, 2041177.3593, 2040943.223, 2038972.6808, 2038504.4608, 2052145.7306, 2148304.6993, 2098113.0595, 2180579.4755, 2018868.2742, 2197228.6198, 2239653.9079)"
Turkey,15,"c(3118548.7429, 3123892.0784, 3126675.0657, 3128545.2332, 3129057.3028, 3129313.3376, 3130571.2479, 3132352.3597, 3140166.988, 3141736.5928, 3142315.4542, 3143818.2673, 3143974.1146, 3144308.073, 3151599.4997, 4752572.9081, 4764764.32690001, 4751294.2385, 4760564.6733, 4763138.9108, 4759227.4799, 4742807.4046, 4758983.06590001, 4741472.5621, 4741242.9296, 4755145.1052, 4745463.2608, 4739793.4946, 4755231.3355, 4750504.1305)"
Afghanistan,13,"c(7512317.9125, 7752378.3944, 7758556.6262, 7760515.8492, 7792753.9737, 7880406.9408, 7880685.2395, 7884848.5885, 7920660.0687, 8099650.6779, 8114934.844, 8126066.7931, 8135417.6303, 4382027.9351, 4493005.6237, 4492277.1239, 4488663.3911, 4488201.25910001, 4125759.6326, 4124012.6889, 4080305.7765, 4387256.0149, 4408777.7024, 4418121.9157, 4407568.5598, 4413977.1897)"
South Sandwich Islands region,12,"c(-3102663.4515, -3004034.3827, -2999759.7143, -2990319.8214, -2986367.9795, -2954664.1885, -2915613.3112, -2868970.4445, -2861077.8926, -2805329.0916, -2792694.3294, -2662005.2472, -7558913.3515, -7504912.2911, -7426510.2875, -7525678.3435, -7482565.667, -8318280.5836, -7479707.9107, -8164366.6723, -8175525.3609, -7977596.9209, -8124273.148, -7711892.344)"
south of the Fiji Islands,11,"c(-20033589.8967, -20007708.1151, -19992691.1158, -19710696.5817, -19608772.4559, 19546645.0481, 19906763.6009, 20013808.4232, 20018840.0642, 20034424.7929, 20034602.9041, -2694613.3763, -2653341.0005, -2545825.5807, -2957191.6132, -2743601.8975, -2395348.7905, -2674073.0809, -2496572.0737, -2885967.3347, -2682113.7853, -2692840.9959)"
Oregon,10,"c(-14232631.0439, -14206626.8109, -14158180.5685, -14123259.6442, -13841947.8697, -13671573.389, -13649235.2779, -13541626.4368, -13480437.8233, -13069409.1568, 5481550.5537, 5370650.3652, 5381792.6311, 5375568.47830001, 5335645.1303, 5757356.3503, 5647087.5405, 5670351.85990001, 5414002.1565, 5559784.2401)"
Argentina,9,"c(-7784004.2618, -7734277.8452, -7650053.5185, -7606349.4864, -7603277.0685, -7506306.66, -7415024.6776, -7388174.4164, -7062754.149, -4525306.564, -3626491.0366, -2885033.2415, -3661001.9565, -7802134.8341, -2793097.7289, -2686081.0456, -3700140.3194, -2856043.6543)"
China,8,"c(8405244.944, 8664240.8713, 9067306.4836, 9296813.8778, 9760626.5361, 9849593.0732, 11085885.074, 11123043.5201, 4621751.0194, 4340474.3497, 5108962.6407, 5476451.6728, 5142557.46, 5125528.9168, 3414484.974, 3621235.1096)"
Mexico,8,"c(-12466291.2877, -12457151.9575, -12455738.1999, -12455326.3178, -10513279.8773, -10485104.9142, -10476666.8968, -10419470.9424, 3245960.8805, 3240037.8589, 3243225.8884, 3263707.5942, 1904057.3819, 2010329.3003, 1974123.0669, 1905953.4276)"
Peru,8,"c(-8846392.9541, -8477435.6338, -8261275.4466, -8168691.0261, -8100285.199, -7949280.3098, -7925958.8764, -7869542.1585, -951754.271299999, -966502.322499998, -1763624.8708, -1823514.0882, -1795332.8341, -2088422.3174, -1844165.2416, -1963471.5378)"
Tonga,8,"c(-19816772.9245, -19767258.015, -19558099.8237, -19513171.2773, -19459036.6089, -19426909.8038, -19302332.1617, -19184522.7446, -2332916.3961, -2285912.3899, -1729304.1796, -2489148.3548, -2131273.8956, -1912794.5114, -1860214.4579, -1969502.4728)"
Drake Passage,7,"c(-6934135.6093, -6925296.8417, -6901140.5122, -6879433.2115, -6875002.6958, -6859696.2658, -6850623.7273, -8413331.4075, -8368944.5621, -8443057.0849, -8443460.2126, -8263064.1502, -8378972.701, -8285434.5302)"
Timor Leste,7,"c(13776354.7151, 13795356.9521, 13798240.127, 14001598.5727, 14163946.9181, 14200548.7667, 14220118.7332, -989816.984899998, -1004093.8168, -991247.8255, -764540.968199998, -969970.545199998, -831991.400199998, -843612.509799998)"
Vanuatu,7,"c(18578699.8118, 18609624.3663, 18634381.8211, 18693826.4292, 18820508.0097, 18840089.1081, 18883091.8274, -1462302.9606, -1476668.85, -1646825.6194, -1682332.409, -2099525.7862, -2149709.2313, -2249672.6223)"
Canada,6,"c(-13738680.4887, -13738532.0627, -13415148.942, -13411549.6118, -13321863.2087, -7798308.8163, 6171704.5441, 6171788.3595, 6326858.23, 6328878.7624, 6311648.6723, 6031374.6758)"
Guam,6,"c(15931143.8345, 15933860.03, 15954365.0802, 16043287.0895, 16119808.1075, 16124405.6024, 1424565.6436, 1389669.5082, 1324559.0472, 1382672.4354, 1520074.3495, 1545023.029)"
New Zealand,6,"c(-19978520.1446, -19875349.2406, 18343982.6655, 19432308.7991, 19489226.4548, 19613091.6522, -4257363.9759, -3389450.1738, -5956106.4272, -5051893.0906, -4701094.3382, -4529186.0106)"
Cyprus,5,"c(3610024.2947, 3616113.4709, 3616391.7696, 3618362.1246, 3622135.8553, 4142443.8147, 4133780.1124, 4124026.2301, 4127141.1298, 4159750.6725)"
Fiji,5,"c(-19972653.6075, -19930418.9926, -19884165.7442, -19852740.252, -19849779.1535, -2052547.8855, -2169540.3594, -1991003.7862, -2079471.2235, -2024068.981)"
Fiji region,5,"c(-19927903.1722, -19889909.8299, -19856235.684, -19792193.5809, -19789555.309, -2430578.2244, -2361426.9839, -2338836.058, -2101193.0098, -2107182.0695)"
India,5,"c(10263245.169, 10305346.2004, 10441556.7294, 10613333.8356, 10631857.3989, 3074407.0083, 1500033.4511, 1403668.6031, 2885487.9902, 2853492.3801)"
Japan region,5,"c(15480800.8345, 15767470.7871, 15901644.1694, 15935184.732, 15981193.0775, 3485091.8895, 3588697.8285, 3268239.4425, 3201073.0283, 3412200.1372)"
Idaho,4,"c(-13020001.8562, -12999741.7089, -12516503.7993, -12432253.498, 6027368.2211, 5577052.3064, 5227496.004, 5169021.8435)"
MX,4,"c(-13024343.32, -12934582.6965, -12830610.2921, -12829812.5099, 3830663.8282, 3767774.4834, 3814723.6206, 3813734.9327)"
Solomon Islands,4,"c(17898637.9106, 17942553.4497, 18507767.0323, 18522338.7536, -1093872.0931, -1151074.4694, -1294185.4669, -1392895.0972)"
USA,4,"c(-14451596.4823, -14420037.4067, -14247982.0017, -11554517.8664, 5558298.94750001, 5542007.93870001, 4983048.0778, 3764229.52100001)"
Dominican Republic,3,"c(-7863931.6562, -7634179.3591, -7589558.7966, 2105255.9804, 2042465.1568, 2032457.5738)"
Greece,3,"c(2555617.2099, 2668662.1528, 2896299.3795, 4228880.298, 4906437.6935, 4093856.491)"
Guatemala,3,"c(-10219619.0606, -10215400.0519, -10068825.6784, 1578301.1597, 1616022.1978, 1618182.6299)"
Kermadec Islands region,3,"c(-20017259.3274, -19863872.201, -19822706.2534, -3270625.9007, -3167305.6891, -3736876.489)"
Panama,3,"c(-9212867.8497, -9167961.5672, -9152554.9496, 932240.557100002, 831272.890700001, 862144.691500001)"
Taiwan,3,"c(13429305.0706, 13592788.8748, 13595182.2438, 2652081.6954, 2783193.3019, 2854547.1819)"
Venezuela,3,"c(-7872224.9582, -7869352.9154, -7866937.2824, 1110096.7638, 1110661.8172, 1106910.024)"
southern East Pacific Rise,3,"c(-12091133.4717, -11795290.793, -11785383.3583, -4137738.279, -4186108.7821, -4209909.3906)"
Arizona,2,"c(-12716437.3154, -12521531.7297, 4279108.5258, 4424272.4389)"
Costa Rica,2,"c(-9370819.0752, -9239306.2288, 1047214.0484, 990560.565200001)"
Davis Strait,2,"c(-6512179.0795, -6500568.4566, 8478144.6985, 8444647.328)"
Ecuador,2,"c(-8884742.5187, -8639360.9651, -403389.931499999, -146598.411499999)"
El Salvador,2,"c(-9876120.5078, -9873560.1596, 1460623.4176, 1461594.5698)"
Ethiopia,2,"c(4426998.0377, 4438998.2788, 1576545.617, 1073476.9051)"
Falkland Islands region,2,"c(-6869280.874, -6489347.4519, -6826295.1963, -7188681.2609)"
Georgia,2,"c(-9501730.7964, -9501730.7964, 4123863.7373, 4139311.0905)"
Greenland Sea,2,"c(734185.437600002, 771510.8629, 12206192.0576, 12216840.3779)"
Pacific-Antarctic Ridge,2,"c(-15814993.0778, -14309430.3606, -7698357.5209, -7432696.9039)"
Poland,2,"c(1788047.057, 1795527.7268, 6704588.1266, 6731239.9205)"
Tennessee,2,"c(-9965580.5613, -9956044.1916, 4340736.7552, 4329624.63850001)"
Wallis and Futuna,2,"c(-19748433.8891, -19731691.4377, -1685616.2365, -1848260.5958)"
West Chile Rise,2,"c(-10684778.6848, -9114327.8365, -4432989.4586, -5500048.1181)"
south of the Kermadec Islands,2,"c(-19939591.7187, -19878499.5821, -4078970.4813, -3997438.0453)"
southeast Indian Ridge,2,"c(10769893.5675, 10783752.8441, -5661613.4296, -5669333.6084)"
southeast of Easter Island,2,"c(-10187458.8597, -10146259.5161, -5021417.1362, -5050589.8748)"
southern Mid-Atlantic Ridge,2,"c(-1793323.6008, -1362673.0187, -1981896.3326, -5960145.5294)"
2025 Southern Drake Passage Earthquake,1,"c(-6881837.7125, -8441243.284)"
Arkansas,1,"c(-10009199.2484, 4294247.8483)"
Azerbaijan,1,"c(5769889.5829, 5020029.4418)"
Banda Sea,1,"c(14473760.1929, -752478.188499998)"
Barbados,1,"c(-6507915.543, 1556680.5435)"
Beaufort Sea,1,"c(-14681337.6474, 11623605.4585)"
Burma (Myanmar),1,"c(10417311.3443, 2509772.4208)"
Colombia,1,"c(-7998205.226, 1279509.2594)"
Honduras,1,"c(-9489986.5901, 1926844.0551)"
Iceland,1,"c(-1901993.6877, 9541312.9619)"
India region,1,"c(10224183.1597, 901198.453700002)"
Iran,1,"c(5788646.9171, 3532800.7272)"
Iraq,1,"c(5058224.0783, 4053468.2871)"
Kansas,1,"c(-10959459.5283, 4702666.9245)"
Kuril Islands,1,"c(17048602.2789, 5812264.4938)"
Macquarie Island region,1,"c(17656696.1293, -7300314.7755)"
Maine,1,"c(-7696362.4267, 5652793.9733)"
Micronesia,1,"c(15650763.433, 1340598.9245)"
Nepal,1,"c(9733141.7539, 3310538.5861)"
New Hampshire,1,"c(-7983644.6366, 5365306.2117)"
North Carolina,1,"c(-9048846.0014, 4360343.184)"
Pakistan,1,"c(7810509.4325, 3517594.2223)"
Pennsylvania,1,"c(-8898701.9828, 5175280.6309)"
Reykjanes Ridge,1,"c(-3878259.7397, 6924557.0513)"
South Carolina,1,"c(-8929492.954, 3882458)"
Trinidad and Tobago,1,"c(-6875704.0086, 1181736.6223)"
U.S. Virgin Islands,1,"c(-7163854.5105, 2125054.2338)"
Vanuatu region,1,"c(19337553.6486, -2394871.7465)"
central Mid-Atlantic Ridge,1,"c(-3778161.2536, 777784.013300002)"
northern Mid-Atlantic Ridge,1,"c(-4747631.567, 1187738.6312)"
off the coast of Central America,1,"c(-9249536.49, 372776.120000001)"
south of Panama,1,"c(-9231591.7881, 372909.931700002)"
southeast of the Loyalty Islands,1,"c(19090847.3931, -2434032.1373)"
western Indian-Antarctic Ridge,1,"c(14173320.0192, -6300249.5734)"
